b1 <- c(1,2,3,4,5)
b2 <- c('bucky','hoss','emma')
#b1 * 2
b1 ^ 1