a <- 1:5
b <- 1:3
a
b

a <- 1:10
a < 5

hoss <- 50:60
hoss

hoss <- 50:60
hoss[3]

hoss <- 50:60
hoss[1:5]
